1000
725
37
164
692
202
983
551
324
46
461
693
684
43
713
580
187
96
63
304
370
94
731
241
2
882
350
418
114
766
705
20
744
45
365
648
851
917
698
332
969
158
591
398
836
377
827
458
331
489
596
231
775
480
958
430
255
152
181
406
656
125
558
598
613
311
626
246
32
344
227
137
312
452
690
658
682
837
278
431
762
433
491
897
44
383
170
618
870
687
669
819
90
661
666
609
689
351
436
55
990
473
198
222
42
921
16
529
842
381
708
188
338
541
349
360
130
316
556
207
993
262
423
736
266
284
709
14
313
208
587
97
927
821
404
946
532
577
203
17
530
942
504
512
686
808
3
752
411
341
947
680
396
977
771
951
510
804
718
74
223
77
450
563
729
632
607
662
40
966
214
793
843
924
306
375
889
571
53
726
472
747
12
441
877
245
840
657
248
83
301
956
204
812
664
118
355
702
832
545
855
881
212
748
146
70
953
415
87
168
438
612
8
507
197
856
410
623
117
934
696
676
81
13
892
667
749
211
454
389
548
514
310
991
987
703
904
998
634
976
944
678
635
925
564
157
644
582
366
307
104
387
427
817
964
949
903
354
872
994
492
30
797
565
361
531
841
538
135
550
758
220
645
509
822
258
574
180
495
608
434
621
269
282
522
174
483
553
240
839
250
288
303
79
5
899
362
639
573
84
741
847
961
943
594
911
462
445
236
213
978
123
585
194
257
337
534
838
936
578
617
995
176
348
809
353
887
595
232
637
28
992
706
734
128
860
714
926
33
31
878
929
743
875
606
318
616
803
4
525
835
356
931
279
786
138
614
322
502
110
691
581
253
254
412
352
172
516
605
426
336
828
7
876
242
728
694
165
894
124
342
317
460
776
955
295
539
319
602
858
498
642
773
291
474
177
600
974
93
101
195
668
10
399
298
506
746
954
463
866
854
913
919
21
260
112
928
671
478
111
970
972
400
225
864
64
98
397
374
296
6
848
25
425
371
89
973
886
268
500
985
52
229
402
134
885
189
853
29
615
727
15
865
329
724
407
261
488
763
770
482
597
289
132
697
818
915
778
499
422
732
115
996
963
569
11
916
940
673
561
536
435
395
380
328
910
447
119
907
932
494
201
314
655
721
192
868
792
739
647
711
61
421
487
833
846
369
382
794
982
54
139
185
560
526
305
575
513
806
155
528
437
933
651
105
271
820
315
256
88
413
477
791
309
757
41
719
710
285
265
9
193
611
533
464
200
767
159
815
457
442
968
603
372
663
151
962
226
975
624
56
941
230
813
78
133
908
224
523
869
34
280
879
859
150
148
99
738
153
633
239
359
38
984
685
325
742
122
218
712
449
912
957
852
620
175
432
930
937
179
149
217
221
47
455
884
206
219
481
85
753
629
67
890
91
466
237
505
272
108
281
486
537
144
675
100
952
873
357
163
772
521
688
276
788
373
862
988
62
35
109
323
619
247
518
446
321
625
871
403
501
440
583
789
939
717
527
586
740
769
765
628
588
796
893
660
120
764
704
735
567
782
627
898
549
141
979
760
215
801
166
392
424
863
638
980
82
95
768
568
252
720
604
363
326
811
299
938
524
814
80
900
294
799
599
816
677
754
267
376
76
672
503
385
777
783
456
508
785
496
559
292
909
950
683
273
484
467
1
51
888
367
287
554
519
448
895
601
665
805
546
182
103
143
850
50
417
722
69
999
570
652
86
75
469
264
737
39
57
670
116
834
439
861
610
169
283
576
443
27
880
1000
420
901
844
622
756
755
730
784
277
60
830
48
807
475
184
92
654
902
935
795
68
562
196
986
275
244
66
891
156
960
379
162
700
981
906
388
479
65
297
485
59
274
444
113
391
251
293
905
333
967
959
641
347
584
659
459
131
286
102
394
831
733
340
327
540
205
320
845
19
405
555
23
572
339
922
334
544
121
497
393
914
345
384
364
649
73
468
750
71
386
745
390
636
419
259
798
190
106
790
802
511
781
300
825
780
234
308
302
249
451
186
653
759
470
490
428
826
408
547
58
643
883
160
263
566
173
154
343
335
142
129
640
429
971
127
849
923
631
210
948
579
751
920
209
147
715
49
136
24
867
140
243
989
695
465
779
874
945
22
589
358
965
787
199
716
552
183
401
650
178
36
26
997
761
216
290
800
674
476
774
471
557
191
270
896
515
416
918
72
681
493
346
829
145
18
378
161
590
535
167
233
699
238
723
592
593
542
823
368
810
414
543
171
453
126
679
646
330
409
107
707
228
630
857
517
235
520
824
701